# CELL file written 12:16:52 (GMT-0.0) 28th November 2017 from run ./castep-calcs/LZO/geom-cell/La2Zr2O7

%BLOCK lattice_cart
   ANG
       7.58391281300135       0.184127921094826E-31    0.00000000000000    
       3.79195640649571        3.79195640649571        5.36263617800006    
       3.79195640649571       -3.79195640649571        5.36263617800006    
%ENDBLOCK lattice_cart

%BLOCK cell_constraints
      1   1   1
      0   0   0
%ENDBLOCK cell_constraints

%BLOCK positions_frac
   O              0.125000000000000       0.125000000000000       0.125000000000000
   O              0.875000000000000       0.875000000000000       0.875000000000000
   O              0.418619427458359       0.418619427458359       0.831380572541641
   O              0.831380572541641       0.831380572541641       0.418619427458359
   O              0.418619427458359       0.831380572541641       0.418619427458359
   O              0.831380572541641       0.418619427458359       0.831380572541641
   O              0.831380572541641       0.418619427458359       0.418619427458359
   O              0.418619427458359       0.831380572541641       0.831380572541641
   O              0.168619427458359       0.581380572541641       0.168619427458359
   O              0.581380572541641       0.168619427458359       0.581380572541641
   O              0.168619427458359       0.168619427458359       0.581380572541641
   O              0.581380572541641       0.581380572541641       0.168619427458359
   O              0.168619427458359       0.581380572541641       0.581380572541641
   O              0.581380572541641       0.168619427458359       0.168619427458359
   Zr             0.500000000000000       0.500000000000000       0.500000000000000
   Zr             0.000000000000000       0.500000000000000       0.500000000000000
   Zr             0.500000000000000       0.000000000000000       0.500000000000000
   Zr             0.500000000000000       0.500000000000000       0.000000000000000
   La             0.000000000000000       0.000000000000000       0.000000000000000
   La             0.500000000000000       0.000000000000000       0.000000000000000
   La             0.000000000000000       0.500000000000000       0.000000000000000
   La             0.000000000000000       0.000000000000000       0.500000000000000
%ENDBLOCK positions_frac

FIX_COM : true

%BLOCK species_pot
   O       2|1.1|15|18|20|20:21(qc=7)
   Zr      3|2.1|7|8|9|40U:50:41:42
   La      2|2.3|5|6|7|50U:60:51:52(qc=4.5)
%ENDBLOCK species_pot

SYMMETRY_TOL :     0.001000

%BLOCK symmetry_ops
# Symm. op. 1       E
          1.000000000000000       0.000000000000000       0.000000000000000
          0.000000000000000       1.000000000000000       0.000000000000000
          0.000000000000000       0.000000000000000       1.000000000000000
          0.000000000000000       0.000000000000000       0.000000000000000
# Symm. op. 2     4_1
          0.499999999999346      -0.499999999999346       0.707106781186451
         -0.500000000001308       0.500000000000000       0.707106781187376
         -0.707106781186182      -0.707106781186182       0.000000000000654
         -0.000000000000000       1.000000000000000       0.500000000000000
# Symm. op. 3       2
          0.000000000000000      -0.999999999998692       0.000000000000000
         -1.000000000001308       0.000000000000000       0.000000000000000
          0.000000000000925      -0.000000000000925      -1.000000000000000
         -0.000000000000000       0.500000000000000       1.000000000000000
# Symm. op. 4     4_1
          0.500000000000654      -0.499999999999346      -0.707106781186451
         -0.500000000000000       0.500000000000000      -0.707106781187376
          0.707106781187107       0.707106781185257      -0.000000000000654
          0.500000000000000      -0.000000000000000      -0.000000000000000
# Symm. op. 5       2
         -1.000000000000000       0.000000000000000       0.000000000000000
          0.000000000000000      -1.000000000000000       0.000000000000000
         -0.000000000001850       0.000000000000000       1.000000000000000
          0.500000000000000      -0.000000000000000       1.000000000000000
# Symm. op. 6     2_1
         -0.500000000000654       0.499999999999346       0.707106781186451
          0.500000000000000      -0.500000000000000       0.707106781187376
          0.707106781186182       0.707106781186182       0.000000000000654
         -0.000000000000000       0.500000000000000       1.000000000000000
# Symm. op. 7       2
          0.000000000000000       0.999999999998692       0.000000000000000
          1.000000000001308       0.000000000000000       0.000000000000000
          0.000000000000925       0.000000000000925      -1.000000000000000
         -0.000000000000000       0.000000000000000       0.500000000000000
# Symm. op. 8       2
         -0.499999999999346       0.499999999999346      -0.707106781186451
          0.500000000001308      -0.500000000000000      -0.707106781187376
         -0.707106781187107      -0.707106781185257      -0.000000000000654
         -0.000000000000000      -0.000000000000000      -0.000000000000000
# Symm. op. 9       3
         -0.500000000000654       0.499999999999346       0.707106781186451
         -0.500000000000000       0.500000000000000      -0.707106781187376
         -0.707106781187107      -0.707106781185257       0.000000000000654
          0.500000000000000       0.000000000000000       0.000000000000000
# Symm. op. 10    2_1
         -0.500000000000654      -0.499999999999346       0.707106781186451
         -0.500000000000000      -0.500000000000000      -0.707106781187376
          0.707106781186182      -0.707106781186182       0.000000000000654
          1.000000000000000      -0.000000000000000       0.500000000000000
# Symm. op. 11      3
          0.499999999999346      -0.499999999999346       0.707106781186451
          0.500000000001308      -0.500000000000000      -0.707106781187376
          0.707106781187107       0.707106781185257       0.000000000000654
          1.000000000000000      -0.000000000000000       0.000000000000000
# Symm. op. 12    4_1
          0.499999999999346       0.499999999999346       0.707106781186451
          0.500000000001308       0.500000000000000      -0.707106781187376
         -0.707106781186182       0.707106781186182       0.000000000000654
         -0.000000000000000       0.500000000000000      -0.000000000000000
# Symm. op. 13      3
          0.500000000000654      -0.499999999999346      -0.707106781186451
          0.500000000000000      -0.500000000000000       0.707106781187376
         -0.707106781186182      -0.707106781186182      -0.000000000000654
          0.000000000000000       0.500000000000000       1.000000000000000
# Symm. op. 14      2
         -0.499999999999346      -0.499999999999346      -0.707106781186451
         -0.500000000001308      -0.500000000000000       0.707106781187376
         -0.707106781187107       0.707106781185257      -0.000000000000654
          1.000000000000000      -0.000000000000000      -0.000000000000000
# Symm. op. 15      3
         -0.499999999999346       0.499999999999346      -0.707106781186451
         -0.500000000001308       0.500000000000000       0.707106781187376
          0.707106781186182       0.707106781186182      -0.000000000000654
         -0.000000000000000       0.000000000000000       0.500000000000000
# Symm. op. 16    4_1
          0.500000000000654       0.499999999999346      -0.707106781186451
          0.500000000000000       0.500000000000000       0.707106781187376
          0.707106781187107      -0.707106781185257      -0.000000000000654
          0.500000000000000       1.000000000000000      -0.000000000000000
# Symm. op. 17      3
         -0.499999999999346      -0.499999999999346      -0.707106781186451
          0.500000000001308       0.500000000000000      -0.707106781187376
          0.707106781186182      -0.707106781186182      -0.000000000000654
         -0.000000000000000       0.500000000000000       0.000000000000000
# Symm. op. 18    4_1
          0.000000000000000      -0.999999999998692       0.000000000000000
          1.000000000001308       0.000000000000000       0.000000000000000
         -0.000000000000925      -0.000000000000925       1.000000000000000
         -0.000000000000000      -0.000000000000000       0.500000000000000
# Symm. op. 19      3
         -0.500000000000654      -0.499999999999346       0.707106781186451
          0.500000000000000       0.500000000000000       0.707106781187376
         -0.707106781187107       0.707106781185257       0.000000000000654
          0.500000000000000       0.000000000000000       1.000000000000000
# Symm. op. 20      2
         -1.000000000000000       0.000000000000000       0.000000000000000
          0.000000000000000       1.000000000000000       0.000000000000000
          0.000000000000000       0.000000000000000      -1.000000000000000
         -0.000000000000000      -0.000000000000000      -0.000000000000000
# Symm. op. 21      3
          0.499999999999346       0.499999999999346       0.707106781186451
         -0.500000000001308      -0.500000000000000       0.707106781187376
          0.707106781187107      -0.707106781185257       0.000000000000654
         -0.000000000000000       0.000000000000000       1.000000000000000
# Symm. op. 22    2_1
          1.000000000000000       0.000000000000000       0.000000000000000
          0.000000000000000      -1.000000000000000       0.000000000000000
          0.000000000001850       0.000000000000000      -1.000000000000000
          0.500000000000000      -0.000000000000000       1.000000000000000
# Symm. op. 23      3
          0.500000000000654       0.499999999999346      -0.707106781186451
         -0.500000000000000      -0.500000000000000      -0.707106781187376
         -0.707106781186182       0.707106781186182      -0.000000000000654
          0.000000000000000      -0.000000000000000       0.500000000000000
# Symm. op. 24    4_1
          0.000000000000000       0.999999999998692       0.000000000000000
         -1.000000000001308       0.000000000000000       0.000000000000000
         -0.000000000000925       0.000000000000925       1.000000000000000
          1.000000000000000       0.500000000000000      -0.000000000000000
# Symm. op. 25      I
         -1.000000000000000       0.000000000000000       0.000000000000000
          0.000000000000000      -1.000000000000000       0.000000000000000
          0.000000000000000       0.000000000000000      -1.000000000000000
         -0.000000000000000      -0.000000000000000       1.000000000000000
# Symm. op. 26     -4
         -0.499999999999346       0.499999999999346      -0.707106781186451
          0.500000000001308      -0.500000000000000      -0.707106781187376
          0.707106781186182       0.707106781186182      -0.000000000000654
          1.000000000000000      -0.000000000000000       0.500000000000000
# Symm. op. 27      d
          0.000000000000000       0.999999999998692       0.000000000000000
          1.000000000001308       0.000000000000000       0.000000000000000
         -0.000000000000925       0.000000000000925       1.000000000000000
         -0.000000000000000       0.500000000000000      -0.000000000000000
# Symm. op. 28     -4
         -0.500000000000654       0.499999999999346       0.707106781186451
          0.500000000000000      -0.500000000000000       0.707106781187376
         -0.707106781187107      -0.707106781185257       0.000000000000654
          0.500000000000000       0.000000000000000       1.000000000000000
# Symm. op. 29      d
          1.000000000000000       0.000000000000000       0.000000000000000
          0.000000000000000       1.000000000000000       0.000000000000000
          0.000000000001850       0.000000000000000      -1.000000000000000
          0.500000000000000      -0.000000000000000       1.000000000000000
# Symm. op. 30      m
          0.500000000000654      -0.499999999999346      -0.707106781186451
         -0.500000000000000       0.500000000000000      -0.707106781187376
         -0.707106781186182      -0.707106781186182      -0.000000000000654
          0.000000000000000       0.500000000000000       0.000000000000000
# Symm. op. 31      d
          0.000000000000000      -0.999999999998692       0.000000000000000
         -1.000000000001308       0.000000000000000       0.000000000000000
         -0.000000000000925      -0.000000000000925       1.000000000000000
         -0.000000000000000       1.000000000000000       0.500000000000000
# Symm. op. 32      m
          0.499999999999346      -0.499999999999346       0.707106781186451
         -0.500000000001308       0.500000000000000       0.707106781187376
          0.707106781187107       0.707106781185257       0.000000000000654
         -0.000000000000000       0.000000000000000       1.000000000000000
# Symm. op. 33     -3
          0.500000000000654      -0.499999999999346      -0.707106781186451
          0.500000000000000      -0.500000000000000       0.707106781187376
          0.707106781187107       0.707106781185257      -0.000000000000654
          0.500000000000000      -0.000000000000000       1.000000000000000
# Symm. op. 34      m
          0.500000000000654       0.499999999999346      -0.707106781186451
          0.500000000000000       0.500000000000000       0.707106781187376
         -0.707106781186182       0.707106781186182      -0.000000000000654
          0.000000000000000       0.000000000000000       0.500000000000000
# Symm. op. 35     -3
         -0.499999999999346       0.499999999999346      -0.707106781186451
         -0.500000000001308       0.500000000000000       0.707106781187376
         -0.707106781187107      -0.707106781185257      -0.000000000000654
         -0.000000000000000       1.000000000000000      -0.000000000000000
# Symm. op. 36     -4
         -0.499999999999346      -0.499999999999346      -0.707106781186451
         -0.500000000001308      -0.500000000000000       0.707106781187376
          0.707106781186182      -0.707106781186182      -0.000000000000654
          1.000000000000000       0.500000000000000       1.000000000000000
# Symm. op. 37     -3
         -0.500000000000654       0.499999999999346       0.707106781186451
         -0.500000000000000       0.500000000000000      -0.707106781187376
          0.707106781186182       0.707106781186182       0.000000000000654
          1.000000000000000       0.500000000000000      -0.000000000000000
# Symm. op. 38      m
          0.499999999999346       0.499999999999346       0.707106781186451
          0.500000000001308       0.500000000000000      -0.707106781187376
          0.707106781187107      -0.707106781185257       0.000000000000654
         -0.000000000000000       0.000000000000000       0.000000000000000
# Symm. op. 39     -3
          0.499999999999346      -0.499999999999346       0.707106781186451
          0.500000000001308      -0.500000000000000      -0.707106781187376
         -0.707106781186182      -0.707106781186182       0.000000000000654
         -0.000000000000000      -0.000000000000000       0.500000000000000
# Symm. op. 40     -4
         -0.500000000000654      -0.499999999999346       0.707106781186451
         -0.500000000000000      -0.500000000000000      -0.707106781187376
         -0.707106781187107       0.707106781185257       0.000000000000654
          0.500000000000000      -0.000000000000000       1.000000000000000
# Symm. op. 41     -3
          0.499999999999346       0.499999999999346       0.707106781186451
         -0.500000000001308      -0.500000000000000       0.707106781187376
         -0.707106781186182       0.707106781186182       0.000000000000654
         -0.000000000000000       0.500000000000000       1.000000000000000
# Symm. op. 42     -4
          0.000000000000000       0.999999999998692       0.000000000000000
         -1.000000000001308       0.000000000000000       0.000000000000000
          0.000000000000925       0.000000000000925      -1.000000000000000
         -0.000000000000000       0.000000000000000       0.500000000000000
# Symm. op. 43     -3
          0.500000000000654       0.499999999999346      -0.707106781186451
         -0.500000000000000      -0.500000000000000      -0.707106781187376
          0.707106781187107      -0.707106781185257      -0.000000000000654
          0.500000000000000      -0.000000000000000      -0.000000000000000
# Symm. op. 44      m
          1.000000000000000       0.000000000000000       0.000000000000000
          0.000000000000000      -1.000000000000000       0.000000000000000
          0.000000000000000       0.000000000000000       1.000000000000000
          0.000000000000000      -0.000000000000000       0.000000000000000
# Symm. op. 45     -3
         -0.499999999999346      -0.499999999999346      -0.707106781186451
          0.500000000001308       0.500000000000000      -0.707106781187376
         -0.707106781187107       0.707106781185257      -0.000000000000654
         -0.000000000000000      -0.000000000000000      -0.000000000000000
# Symm. op. 46      m
         -1.000000000000000       0.000000000000000       0.000000000000000
          0.000000000000000       1.000000000000000       0.000000000000000
         -0.000000000001850       0.000000000000000       1.000000000000000
          0.500000000000000       0.000000000000000       0.000000000000000
# Symm. op. 47     -3
         -0.500000000000654      -0.499999999999346       0.707106781186451
          0.500000000000000       0.500000000000000       0.707106781187376
          0.707106781186182      -0.707106781186182       0.000000000000654
         -0.000000000000000      -0.000000000000000       0.500000000000000
# Symm. op. 48     -4
          0.000000000000000      -0.999999999998692       0.000000000000000
          1.000000000001308       0.000000000000000       0.000000000000000
          0.000000000000925      -0.000000000000925      -1.000000000000000
         -0.000000000000000       0.500000000000000       1.000000000000000
%ENDBLOCK symmetry_ops

%block phonon_supercell_matrix
1 1 -1
1 -1 1
-1 1 1
%endblock phonon_supercell_matrix

kpoint_mp_grid :    4   4   4

supercell_kpoint_mp_grid  4 4 4

phonon_kpoint_mp_grid: 4 4 4


#phonon_fine_kpoint_mp_grid: 32 32 32

#phonon_fine_kpoint_mp_grid: 4 4 4

#%block  phonon_fine_kpoint_path
#   4.0000   -1.0000         0
#   4.0000   -0.9000         0
#   4.0000   -0.8000         0
#   4.0000   -0.7000         0
#   4.0000   -0.6000         0
#   4.0000   -0.5000         0
#   4.0000   -0.4000         0
#   4.0000   -0.3000         0
#   4.0000   -0.2000         0
#   4.0000   -0.1000         0
#   4.0000         0         0
#%endblock phonon_fine_kpoint_path
#
%block phonon_fine_kpoint_list
-1.000000000000000000e+00 9.000000000000000000e+00 3.000000000000000000e+00
-1.000000000000000000e+00 8.949999999999999289e+00 2.950000000000000178e+00
-1.000000000000000000e+00 8.900000000000000355e+00 2.900000000000000355e+00
-1.000000000000000000e+00 8.850000000000001421e+00 2.850000000000000533e+00
-1.000000000000000000e+00 8.800000000000000711e+00 2.800000000000000711e+00
-1.000000000000000000e+00 8.750000000000000000e+00 2.750000000000000888e+00
-1.000000000000000000e+00 8.700000000000001066e+00 2.700000000000001066e+00
-1.000000000000000000e+00 8.650000000000002132e+00 2.650000000000001243e+00
-1.000000000000000000e+00 8.600000000000001421e+00 2.600000000000001421e+00
-1.000000000000000000e+00 8.550000000000000711e+00 2.550000000000001599e+00
-1.000000000000000000e+00 8.500000000000001776e+00 2.500000000000001776e+00
-1.000000000000000000e+00 8.450000000000002842e+00 2.450000000000001954e+00
-1.000000000000000000e+00 8.400000000000002132e+00 2.400000000000002132e+00
-1.000000000000000000e+00 8.350000000000001421e+00 2.350000000000002309e+00
-1.000000000000000000e+00 8.300000000000002487e+00 2.300000000000002487e+00
-1.000000000000000000e+00 8.250000000000003553e+00 2.250000000000002665e+00
-1.000000000000000000e+00 8.200000000000002842e+00 2.200000000000002842e+00
-1.000000000000000000e+00 8.150000000000002132e+00 2.150000000000003020e+00
-1.000000000000000000e+00 8.100000000000003197e+00 2.100000000000003197e+00
-1.000000000000000000e+00 8.050000000000004263e+00 2.050000000000003375e+00
-1.000000000000000000e+00 8.000000000000003553e+00 2.000000000000003553e+00
-1.000000000000000000e+00 7.950000000000003730e+00 1.950000000000003730e+00
-1.000000000000000000e+00 7.900000000000003908e+00 1.900000000000003908e+00
-1.000000000000000000e+00 7.850000000000004086e+00 1.850000000000004086e+00
-1.000000000000000000e+00 7.800000000000004263e+00 1.800000000000004263e+00
-1.000000000000000000e+00 7.750000000000004441e+00 1.750000000000004441e+00
-1.000000000000000000e+00 7.700000000000004619e+00 1.700000000000004619e+00
-1.000000000000000000e+00 7.650000000000004796e+00 1.650000000000004796e+00
-1.000000000000000000e+00 7.600000000000004974e+00 1.600000000000004974e+00
-1.000000000000000000e+00 7.550000000000005151e+00 1.550000000000005151e+00
-1.000000000000000000e+00 7.500000000000005329e+00 1.500000000000005329e+00
-1.000000000000000000e+00 7.450000000000005507e+00 1.450000000000005507e+00
-1.000000000000000000e+00 7.400000000000005684e+00 1.400000000000005684e+00
-1.000000000000000000e+00 7.350000000000005862e+00 1.350000000000005862e+00
-1.000000000000000000e+00 7.300000000000006040e+00 1.300000000000006040e+00
-1.000000000000000000e+00 7.250000000000006217e+00 1.250000000000006217e+00
-1.000000000000000000e+00 7.200000000000006395e+00 1.200000000000006395e+00
-1.000000000000000000e+00 7.150000000000006573e+00 1.150000000000006573e+00
-1.000000000000000000e+00 7.100000000000006750e+00 1.100000000000006750e+00
-1.000000000000000000e+00 7.050000000000006928e+00 1.050000000000006928e+00
-1.000000000000000000e+00 7.000000000000007105e+00 1.000000000000007105e+00
-1.000000000000000000e+00 6.950000000000007283e+00 9.500000000000072831e-01
-1.000000000000000000e+00 6.900000000000007461e+00 9.000000000000074607e-01
-1.000000000000000000e+00 6.850000000000007638e+00 8.500000000000076383e-01
-1.000000000000000000e+00 6.800000000000007816e+00 8.000000000000078160e-01
-1.000000000000000000e+00 6.750000000000007994e+00 7.500000000000079936e-01
-1.000000000000000000e+00 6.700000000000008171e+00 7.000000000000081712e-01
-1.000000000000000000e+00 6.650000000000008349e+00 6.500000000000083489e-01
-1.000000000000000000e+00 6.600000000000008527e+00 6.000000000000085265e-01
-1.000000000000000000e+00 6.550000000000008704e+00 5.500000000000087041e-01
-1.000000000000000000e+00 6.500000000000008882e+00 5.000000000000088818e-01
-1.000000000000000000e+00 6.450000000000009059e+00 4.500000000000090594e-01
-1.000000000000000000e+00 6.400000000000009237e+00 4.000000000000092371e-01
-1.000000000000000000e+00 6.350000000000009415e+00 3.500000000000094147e-01
-1.000000000000000000e+00 6.300000000000009592e+00 3.000000000000095923e-01
-1.000000000000000000e+00 6.250000000000009770e+00 2.500000000000097700e-01
-1.000000000000000000e+00 6.200000000000009948e+00 2.000000000000099476e-01
-1.000000000000000000e+00 6.150000000000010125e+00 1.500000000000101252e-01
-1.000000000000000000e+00 6.100000000000010303e+00 1.000000000000103029e-01
-1.000000000000000000e+00 6.050000000000010481e+00 5.000000000001048051e-02
-1.000000000000000000e+00 6.000000000000010658e+00 1.065814103640150279e-14
-1.000000000000000000e+00 5.950000000000010836e+00 -4.999999999998916422e-02
-1.000000000000000000e+00 5.900000000000011013e+00 -9.999999999998898659e-02
-1.000000000000000000e+00 5.850000000000011191e+00 -1.499999999999888090e-01
-1.000000000000000000e+00 5.800000000000011369e+00 -1.999999999999886313e-01
-1.000000000000000000e+00 5.750000000000011546e+00 -2.499999999999884537e-01
-1.000000000000000000e+00 5.700000000000011724e+00 -2.999999999999882760e-01
-1.000000000000000000e+00 5.650000000000011902e+00 -3.499999999999880984e-01
-1.000000000000000000e+00 5.600000000000012079e+00 -3.999999999999879208e-01
-1.000000000000000000e+00 5.550000000000012257e+00 -4.499999999999877431e-01
-1.000000000000000000e+00 5.500000000000012434e+00 -4.999999999999875655e-01
-1.000000000000000000e+00 5.450000000000012612e+00 -5.499999999999873879e-01
-1.000000000000000000e+00 5.400000000000012790e+00 -5.999999999999872102e-01
-1.000000000000000000e+00 5.350000000000012967e+00 -6.499999999999870326e-01
-1.000000000000000000e+00 5.300000000000013145e+00 -6.999999999999868550e-01
-1.000000000000000000e+00 5.250000000000013323e+00 -7.499999999999866773e-01
-1.000000000000000000e+00 5.200000000000013500e+00 -7.999999999999864997e-01
-1.000000000000000000e+00 5.150000000000013678e+00 -8.499999999999863221e-01
-1.000000000000000000e+00 5.100000000000013856e+00 -8.999999999999861444e-01
-1.000000000000000000e+00 5.050000000000014033e+00 -9.499999999999859668e-01
-1.000000000000000000e+00 5.000000000000014211e+00 -9.999999999999857891e-01
-1.000000000000000000e+00 4.950000000000014388e+00 -1.049999999999985612e+00
-1.000000000000000000e+00 4.900000000000014566e+00 -1.099999999999985434e+00
-1.000000000000000000e+00 4.850000000000014744e+00 -1.149999999999985256e+00
-1.000000000000000000e+00 4.800000000000014921e+00 -1.199999999999985079e+00
-1.000000000000000000e+00 4.750000000000015099e+00 -1.249999999999984901e+00
-1.000000000000000000e+00 4.700000000000015277e+00 -1.299999999999984723e+00
-1.000000000000000000e+00 4.650000000000015454e+00 -1.349999999999984546e+00
-1.000000000000000000e+00 4.600000000000015632e+00 -1.399999999999984368e+00
-1.000000000000000000e+00 4.550000000000015810e+00 -1.449999999999984190e+00
-1.000000000000000000e+00 4.500000000000015987e+00 -1.499999999999984013e+00
-1.000000000000000000e+00 4.450000000000016165e+00 -1.549999999999983835e+00
-1.000000000000000000e+00 4.400000000000016342e+00 -1.599999999999983658e+00
-1.000000000000000000e+00 4.350000000000016520e+00 -1.649999999999983480e+00
-1.000000000000000000e+00 4.300000000000016698e+00 -1.699999999999983302e+00
-1.000000000000000000e+00 4.250000000000016875e+00 -1.749999999999983125e+00
-1.000000000000000000e+00 4.200000000000017053e+00 -1.799999999999982947e+00
-1.000000000000000000e+00 4.150000000000017231e+00 -1.849999999999982769e+00
-1.000000000000000000e+00 4.100000000000017408e+00 -1.899999999999982592e+00
-1.000000000000000000e+00 4.050000000000017586e+00 -1.949999999999982414e+00
-1.000000000000000000e+00 4.000000000000017764e+00 -1.999999999999982236e+00
-1.000000000000000000e+00 3.950000000000017941e+00 -2.049999999999982059e+00
-1.000000000000000000e+00 3.900000000000018119e+00 -2.099999999999981881e+00
-1.000000000000000000e+00 3.850000000000018296e+00 -2.149999999999981704e+00
-1.000000000000000000e+00 3.800000000000018474e+00 -2.199999999999981526e+00
-1.000000000000000000e+00 3.750000000000018652e+00 -2.249999999999981348e+00
-1.000000000000000000e+00 3.700000000000018829e+00 -2.299999999999981171e+00
-1.000000000000000000e+00 3.650000000000019007e+00 -2.349999999999980993e+00
-1.000000000000000000e+00 3.600000000000019185e+00 -2.399999999999980815e+00
-1.000000000000000000e+00 3.550000000000019362e+00 -2.449999999999980638e+00
-1.000000000000000000e+00 3.500000000000019540e+00 -2.499999999999980460e+00
-1.000000000000000000e+00 3.450000000000019718e+00 -2.549999999999980282e+00
-1.000000000000000000e+00 3.400000000000019895e+00 -2.599999999999980105e+00
-1.000000000000000000e+00 3.350000000000020073e+00 -2.649999999999979927e+00
-1.000000000000000000e+00 3.300000000000020250e+00 -2.699999999999979750e+00
-1.000000000000000000e+00 3.250000000000020428e+00 -2.749999999999979572e+00
-1.000000000000000000e+00 3.200000000000020606e+00 -2.799999999999979394e+00
-1.000000000000000000e+00 3.150000000000020783e+00 -2.849999999999979217e+00
-1.000000000000000000e+00 3.100000000000020961e+00 -2.899999999999979039e+00
-1.000000000000000000e+00 3.050000000000021139e+00 -2.949999999999978861e+00
-1.000000000000000000e+00 3.000000000000021316e+00 -2.999999999999978684e+00
-1.000000000000000000e+00 2.950000000000021494e+00 -3.049999999999978506e+00
-1.000000000000000000e+00 2.900000000000021672e+00 -3.099999999999978328e+00
-1.000000000000000000e+00 2.850000000000021849e+00 -3.149999999999978151e+00
-1.000000000000000000e+00 2.800000000000022027e+00 -3.199999999999977973e+00
-1.000000000000000000e+00 2.750000000000022204e+00 -3.249999999999977796e+00
-1.000000000000000000e+00 2.700000000000022382e+00 -3.299999999999977618e+00
-1.000000000000000000e+00 2.650000000000022560e+00 -3.349999999999977440e+00
-1.000000000000000000e+00 2.600000000000022737e+00 -3.399999999999977263e+00
-1.000000000000000000e+00 2.550000000000022915e+00 -3.449999999999977085e+00
-1.000000000000000000e+00 2.500000000000023093e+00 -3.499999999999976907e+00
-1.000000000000000000e+00 2.450000000000023270e+00 -3.549999999999976730e+00
-1.000000000000000000e+00 2.400000000000023448e+00 -3.599999999999976552e+00
-1.000000000000000000e+00 2.350000000000023626e+00 -3.649999999999976374e+00
-1.000000000000000000e+00 2.300000000000023803e+00 -3.699999999999976197e+00
-1.000000000000000000e+00 2.250000000000023981e+00 -3.749999999999976019e+00
-1.000000000000000000e+00 2.200000000000024158e+00 -3.799999999999975842e+00
-1.000000000000000000e+00 2.150000000000024336e+00 -3.849999999999975664e+00
-1.000000000000000000e+00 2.100000000000024514e+00 -3.899999999999975486e+00
-1.000000000000000000e+00 2.050000000000024691e+00 -3.949999999999975309e+00
-1.000000000000000000e+00 2.000000000000024869e+00 -3.999999999999975131e+00
-1.000000000000000000e+00 1.950000000000025047e+00 -4.049999999999974953e+00
-1.000000000000000000e+00 1.900000000000025224e+00 -4.099999999999974776e+00
-1.000000000000000000e+00 1.850000000000025402e+00 -4.149999999999974598e+00
-1.000000000000000000e+00 1.800000000000025580e+00 -4.199999999999974420e+00
-1.000000000000000000e+00 1.750000000000025757e+00 -4.249999999999974243e+00
-1.000000000000000000e+00 1.700000000000025935e+00 -4.299999999999974065e+00
-1.000000000000000000e+00 1.650000000000026112e+00 -4.349999999999973888e+00
-1.000000000000000000e+00 1.600000000000026290e+00 -4.399999999999973710e+00
-1.000000000000000000e+00 1.550000000000026468e+00 -4.449999999999973532e+00
-1.000000000000000000e+00 1.500000000000026645e+00 -4.499999999999973355e+00
-1.000000000000000000e+00 1.450000000000026823e+00 -4.549999999999973177e+00
-1.000000000000000000e+00 1.400000000000027001e+00 -4.599999999999972999e+00
-1.000000000000000000e+00 1.350000000000027178e+00 -4.649999999999972822e+00
-1.000000000000000000e+00 1.300000000000027356e+00 -4.699999999999972644e+00
-1.000000000000000000e+00 1.250000000000027534e+00 -4.749999999999972466e+00
-1.000000000000000000e+00 1.200000000000027711e+00 -4.799999999999972289e+00
-1.000000000000000000e+00 1.150000000000027889e+00 -4.849999999999972111e+00
-1.000000000000000000e+00 1.100000000000028066e+00 -4.899999999999971934e+00
-1.000000000000000000e+00 1.050000000000028244e+00 -4.949999999999971756e+00
-1.000000000000000000e+00 1.000000000000028422e+00 -4.999999999999971578e+00
-1.000000000000000000e+00 9.500000000000277112e-01 -5.049999999999972289e+00
-1.000000000000000000e+00 9.000000000000287770e-01 -5.099999999999971223e+00
-1.000000000000000000e+00 8.500000000000298428e-01 -5.149999999999970157e+00
-1.000000000000000000e+00 8.000000000000291323e-01 -5.199999999999970868e+00
-1.000000000000000000e+00 7.500000000000284217e-01 -5.249999999999971578e+00
-1.000000000000000000e+00 7.000000000000294875e-01 -5.299999999999970512e+00
-1.000000000000000000e+00 6.500000000000305533e-01 -5.349999999999969447e+00
-1.000000000000000000e+00 6.000000000000298428e-01 -5.399999999999970157e+00
-1.000000000000000000e+00 5.500000000000291323e-01 -5.449999999999970868e+00
-1.000000000000000000e+00 5.000000000000301981e-01 -5.499999999999969802e+00
-1.000000000000000000e+00 4.500000000000312639e-01 -5.549999999999968736e+00
-1.000000000000000000e+00 4.000000000000305533e-01 -5.599999999999969447e+00
-1.000000000000000000e+00 3.500000000000298428e-01 -5.649999999999970157e+00
-1.000000000000000000e+00 3.000000000000309086e-01 -5.699999999999969091e+00
-1.000000000000000000e+00 2.500000000000319744e-01 -5.749999999999968026e+00
-1.000000000000000000e+00 2.000000000000312639e-01 -5.799999999999968736e+00
-1.000000000000000000e+00 1.500000000000305533e-01 -5.849999999999969447e+00
-1.000000000000000000e+00 1.000000000000316192e-01 -5.899999999999968381e+00
-1.000000000000000000e+00 5.000000000003268497e-02 -5.949999999999967315e+00
-1.000000000000000000e+00 3.197442310920450836e-14 -5.999999999999968026e+00
-1.000000000000000000e+00 -4.999999999996873612e-02 -6.049999999999968736e+00
-1.000000000000000000e+00 -9.999999999996767031e-02 -6.099999999999967670e+00
-1.000000000000000000e+00 -1.499999999999666045e-01 -6.149999999999966604e+00
-1.000000000000000000e+00 -1.999999999999673150e-01 -6.199999999999967315e+00
-1.000000000000000000e+00 -2.499999999999680256e-01 -6.249999999999968026e+00
-1.000000000000000000e+00 -2.999999999999669598e-01 -6.299999999999966960e+00
-1.000000000000000000e+00 -3.499999999999658939e-01 -6.349999999999965894e+00
-1.000000000000000000e+00 -3.999999999999666045e-01 -6.399999999999966604e+00
-1.000000000000000000e+00 -4.499999999999673150e-01 -6.449999999999967315e+00
-1.000000000000000000e+00 -4.999999999999662492e-01 -6.499999999999966249e+00
-1.000000000000000000e+00 -5.499999999999651834e-01 -6.549999999999965183e+00
-1.000000000000000000e+00 -5.999999999999658939e-01 -6.599999999999965894e+00
-1.000000000000000000e+00 -6.499999999999666045e-01 -6.649999999999966604e+00
-1.000000000000000000e+00 -6.999999999999655387e-01 -6.699999999999965539e+00
-1.000000000000000000e+00 -7.499999999999644729e-01 -6.749999999999964473e+00
-1.000000000000000000e+00 -7.999999999999651834e-01 -6.799999999999965183e+00
-1.000000000000000000e+00 -8.499999999999658939e-01 -6.849999999999965894e+00
-1.000000000000000000e+00 -8.999999999999648281e-01 -6.899999999999964828e+00
-1.000000000000000000e+00 -9.499999999999637623e-01 -6.949999999999963762e+00
-1.000000000000000000e+00 -9.999999999999644729e-01 -6.999999999999964473e+00
%endblock phonon_fine_kpoint_list

#PHONON_FINE_KPOINT_PATH_SPACING : 0.0001
#phonon_fine_kpoint_path_spacing : 0.0002

#phonon_fine_kpoint_path_spacing : 0.003
